
== openset_cse_h32_l4_bs16_lr0.001_alpha1.0_seed42_best_ood_scores.npz (reference = held-out pool) ==
    SNR |      energy   prototype         vos mahalanobis         msp        odin |  routed |  oracle
    -10 |       0.485       0.515       0.512       0.555       0.479       0.480 |   0.485 |   0.555
     -5 |       0.479       0.482       0.479       0.396       0.458       0.471 |   0.479 |   0.482
      0 |       0.476       0.543       0.537       0.469       0.435       0.471 |   0.476 |   0.543
      5 |       0.464       0.536       0.535       0.620       0.407       0.466 |   0.536 |   0.620
     10 |       0.476       0.518       0.516       0.554       0.427       0.472 |   0.518 |   0.554
     15 |       0.475       0.503       0.502       0.555       0.411       0.474 |   0.503 |   0.555
     20 |       0.471       0.527       0.526       0.575       0.422       0.468 |   0.527 |   0.575

== openset_cse_h32_l4_bs16_lr0.001_alpha1.0_seed43_best_ood_scores.npz (reference = held-out pool) ==
    SNR |      energy   prototype         vos mahalanobis         msp        odin |  routed |  oracle
    -10 |       0.454       0.517       0.516       0.488       0.455       0.455 |   0.454 |   0.517
     -5 |       0.446       0.492       0.491       0.437       0.435       0.451 |   0.446 |   0.492
      0 |       0.447       0.518       0.518       0.375       0.415       0.463 |   0.447 |   0.518
      5 |       0.467       0.495       0.496       0.416       0.411       0.494 |   0.495 |   0.496
     10 |       0.486       0.464       0.464       0.416       0.420       0.506 |   0.464 |   0.506
     15 |       0.476       0.466       0.466       0.433       0.405       0.502 |   0.466 |   0.502
     20 |       0.465       0.481       0.481       0.436       0.398       0.495 |   0.481 |   0.495

== openset_cse_h32_l4_bs16_lr0.001_alpha1.0_seed44_best_ood_scores.npz (reference = held-out pool) ==
    SNR |      energy   prototype         vos mahalanobis         msp        odin |  routed |  oracle
    -10 |       0.505       0.489       0.492       0.507       0.509       0.514 |   0.505 |   0.514
     -5 |       0.488       0.471       0.476       0.417       0.483       0.491 |   0.488 |   0.491
      0 |       0.478       0.493       0.499       0.469       0.436       0.483 |   0.478 |   0.499
      5 |       0.474       0.520       0.519       0.589       0.421       0.480 |   0.520 |   0.589
     10 |       0.482       0.498       0.498       0.548       0.429       0.483 |   0.498 |   0.548
     15 |       0.485       0.495       0.496       0.555       0.426       0.489 |   0.495 |   0.555
     20 |       0.475       0.518       0.518       0.573       0.418       0.478 |   0.518 |   0.573

== openset_cse_h32_l4_bs16_lr0.001_alpha1.0_seed45_best_ood_scores.npz (reference = held-out pool) ==
    SNR |      energy   prototype         vos mahalanobis         msp        odin |  routed |  oracle
    -10 |       0.515       0.464       0.463       0.473       0.514       0.515 |   0.515 |   0.515
     -5 |       0.481       0.529       0.529       0.515       0.432       0.456 |   0.481 |   0.529
      0 |       0.424       0.564       0.563       0.571       0.407       0.428 |   0.424 |   0.571
      5 |       0.413       0.534       0.535       0.597       0.386       0.420 |   0.534 |   0.597
     10 |       0.445       0.497       0.500       0.517       0.419       0.454 |   0.497 |   0.517
     15 |       0.427       0.501       0.503       0.532       0.399       0.435 |   0.501 |   0.532
     20 |       0.440       0.513       0.516       0.544       0.420       0.447 |   0.513 |   0.544

== openset_cse_h32_l4_bs16_lr0.001_alpha1.0_seed46_best_ood_scores.npz (reference = held-out pool) ==
    SNR |      energy   prototype         vos mahalanobis         msp        odin |  routed |  oracle
    -10 |       0.521       0.468       0.469       0.514       0.515       0.516 |   0.521 |   0.521
     -5 |       0.496       0.418       0.419       0.383       0.469       0.482 |   0.496 |   0.496
      0 |       0.505       0.485       0.469       0.488       0.461       0.484 |   0.505 |   0.505
      5 |       0.483       0.596       0.601       0.684       0.386       0.488 |   0.596 |   0.684
     10 |       0.503       0.539       0.542       0.667       0.403       0.520 |   0.539 |   0.667
     15 |       0.524       0.513       0.518       0.664       0.384       0.541 |   0.513 |   0.664
     20 |       0.509       0.531       0.533       0.679       0.375       0.524 |   0.531 |   0.679

== Across 5 file(s): weighted-avg per-SNR AUROC (mean ± std), reference = HELD-OUT pool ==
  routed      : 0.498 ± 0.020
  oracle      : 0.549 ± 0.032
  energy      : 0.476 ± 0.019
  prototype   : 0.506 ± 0.010
  vos         : 0.506 ± 0.010
  mahalanobis : 0.520 ± 0.050
  msp         : 0.431 ± 0.009
  odin        : 0.480 ± 0.019
